116.38086 39.884556
116.381291 39.881898
116.38086 39.880791
116.381003 39.879905
116.380716 39.879241
116.380572 39.87913
116.381003 39.877912
116.381003 39.876472
116.383016 39.876804
116.384022 39.877413
116.385315 39.87769
116.386249 39.877469
116.387327 39.877469
116.388405 39.877746
116.389627 39.877801
116.390561 39.878078
116.391927 39.878078
116.393292 39.878189
116.39437 39.878355
116.395448 39.878687
116.39667 39.878742
116.398898 39.878742
116.400694 39.878798
116.402419 39.878742
116.404431 39.879074
116.404072 39.881123
